Synchronized per-dataset summary:
  did                     dataset_name     model  num_samples  num_features  eval_position     mean   median      std      min      max  count  mean_metric
   11                    balance-scale hybrid_8l          625             4            972 0.166312 0.121514 0.103768 0.067547 0.357023     10     0.995021
   11                    balance-scale     hydra          625             4            972 0.187934 0.170479 0.129949 0.052895 0.490650     10     0.988137
   11                    balance-scale    tabpfn          625             4            972 0.224598 0.158762 0.239115 0.048966 0.882443     10     0.998240
   14                    mfeat-fourier hybrid_8l         2000            76            972 1.125676 1.224754 0.435514 0.376468 1.561248     10     0.973904
   14                    mfeat-fourier     hydra         2000            76            972 1.279863 1.273139 0.383853 0.520334 1.830899     10     0.960277
   14                    mfeat-fourier    tabpfn         2000            76            972 1.093698 1.125080 0.351858 0.513169 1.773136     10     0.975816
   15                         breast-w hybrid_8l          683             9            972 0.160951 0.153692 0.050755 0.097715 0.262101     10     0.993802
   15                         breast-w     hydra          683             9            972 0.167996 0.155723 0.053076 0.103989 0.258613     10     0.994672
   15                         breast-w    tabpfn          683             9            972 0.158786 0.155747 0.029782 0.102678 0.213327     10     0.994680
   16                   mfeat-karhunen hybrid_8l         2000            64            972 0.845195 0.904335 0.327806 0.319423 1.318100     10     0.996645
   16                   mfeat-karhunen     hydra         2000            64            972 0.984357 1.045869 0.296329 0.471391 1.323835     10     0.989891
   16                   mfeat-karhunen    tabpfn         2000            64            972 0.839391 0.843300 0.361512 0.358427 1.427438     10     0.996786
   18              mfeat-morphological hybrid_8l         2000             6            972 0.234893 0.235245 0.047991 0.127599 0.292273     10     0.964042
   18              mfeat-morphological     hydra         2000             6            972 0.280219 0.267953 0.069591 0.211132 0.407395     10     0.958057
   18              mfeat-morphological    tabpfn         2000             6            972 0.276136 0.249006 0.069025 0.210303 0.410213     10     0.963835
   22                    mfeat-zernike hybrid_8l         2000            47            972 0.760871 0.728293 0.291250 0.288696 1.185224     10     0.980661
   22                    mfeat-zernike     hydra         2000            47            972 0.718754 0.642314 0.222411 0.543563 1.242969     10     0.967980
   22                    mfeat-zernike    tabpfn         2000            47            972 0.685871 0.687488 0.182704 0.458984 1.133804     10     0.982242
   23                              cmc hybrid_8l         1473             9            972 0.206230 0.181510 0.093496 0.118386 0.433735     10     0.706750
   23                              cmc     hydra         1473             9            972 0.228570 0.235463 0.080199 0.133003 0.404302     10     0.693118
   23                              cmc    tabpfn         1473             9            972 0.217734 0.181288 0.078779 0.139429 0.327242     10     0.712318
   29                  credit-approval hybrid_8l          653            15            972 0.136985 0.127972 0.028208 0.107841 0.205389     10     0.926676
   29                  credit-approval     hydra          653            15            972 0.151358 0.132679 0.039286 0.120097 0.235939     10     0.930668
   29                  credit-approval    tabpfn          653            15            972 0.165248 0.153905 0.038886 0.118355 0.254120     10     0.933494
   31                         credit-g hybrid_8l         1000            20            972 0.216617 0.192112 0.075375 0.139635 0.313739     10     0.792168
   31                         credit-g     hydra         1000            20            972 0.206190 0.185760 0.052664 0.149264 0.336179     10     0.779825
   31                         credit-g    tabpfn         1000            20            972 0.206602 0.181202 0.071933 0.139603 0.358197     10     0.792060
   37                         diabetes hybrid_8l          768             8            972 0.138538 0.145701 0.026612 0.090843 0.163395     10     0.825548
   37                         diabetes     hydra          768             8            972 0.192660 0.178554 0.077091 0.116664 0.390423     10     0.834808
   37                         diabetes    tabpfn          768             8            972 0.142660 0.143557 0.020381 0.107826 0.183309     10     0.835945
   50                      tic-tac-toe hybrid_8l          958             9            972 0.168200 0.153223 0.056869 0.097884 0.266629     10     0.964488
   50                      tic-tac-toe     hydra          958             9            972 0.180430 0.195455 0.033252 0.114095 0.214982     10     0.801097
   50                      tic-tac-toe    tabpfn          958             9            972 0.181117 0.145581 0.073651 0.115886 0.314490     10     0.972544
   54                          vehicle hybrid_8l          846            18            972 0.214388 0.210675 0.053892 0.121340 0.324711     10     0.950290
   54                          vehicle     hydra          846            18            972 0.238938 0.242833 0.049990 0.168979 0.335004     10     0.927589
   54                          vehicle    tabpfn          846            18            972 0.223763 0.218435 0.019435 0.201433 0.267691     10     0.958254
  188                       eucalyptus hybrid_8l          641            19            972 0.233222 0.221053 0.094746 0.104457 0.408141     10     0.910933
  188                       eucalyptus     hydra          641            19            972 0.213204 0.193055 0.087190 0.131828 0.401906     10     0.901261
  188                       eucalyptus    tabpfn          641            19            972 0.192053 0.174233 0.048866 0.140564 0.297744     10     0.914725
  458           analcatdata_authorship hybrid_8l          841            70            972 0.468912 0.432154 0.114073 0.385473 0.747521     10     0.999993
  458           analcatdata_authorship     hydra          841            70            972 0.464990 0.471088 0.091923 0.319052 0.644914     10     0.999914
  458           analcatdata_authorship    tabpfn          841            70            972 0.502284 0.461379 0.123540 0.396279 0.786663     10     0.999995
  469                 analcatdata_dmft hybrid_8l          797             4            972 0.198253 0.193254 0.033304 0.161371 0.277908     10     0.581094
  469                 analcatdata_dmft     hydra          797             4            972 0.241440 0.227771 0.055742 0.161733 0.350944     10     0.565801
  469                 analcatdata_dmft    tabpfn          797             4            972 0.210633 0.215271 0.031110 0.161000 0.244922     10     0.572532
 1049                              pc4 hybrid_8l         1458            37            972 0.416296 0.433335 0.076109 0.287787 0.510300     10     0.929582
 1049                              pc4     hydra         1458            37            972 0.395706 0.401548 0.065263 0.301715 0.497179     10     0.914074
 1049                              pc4    tabpfn         1458            37            972 0.351940 0.354489 0.042942 0.297759 0.422457     10     0.931262
 1050                              pc3 hybrid_8l         1563            37            972 0.447105 0.407173 0.100720 0.348144 0.643389     10     0.826344
 1050                              pc3     hydra         1563            37            972 0.467945 0.446392 0.074595 0.393190 0.608429     10     0.811030
 1050                              pc3    tabpfn         1563            37            972 0.437544 0.420125 0.107989 0.258771 0.600904     10     0.825854
 1063                              kc2 hybrid_8l          522            21            972 0.262204 0.262821 0.077074 0.154149 0.390204     10     0.806450
 1063                              kc2     hydra          522            21            972 0.240026 0.247493 0.086971 0.131200 0.368676     10     0.845177
 1063                              kc2    tabpfn          522            21            972 0.265335 0.276338 0.060319 0.149918 0.336216     10     0.849974
 1068                              pc1 hybrid_8l         1109            21            972 0.225903 0.231589 0.026059 0.187565 0.274947     10     0.880654
 1068                              pc1     hydra         1109            21            972 0.253070 0.249336 0.059956 0.185519 0.354606     10     0.821710
 1068                              pc1    tabpfn         1109            21            972 0.209899 0.203000 0.024943 0.185146 0.254293     10     0.880834
 1462          banknote-authentication hybrid_8l         1372             4            972 0.159786 0.161881 0.020407 0.118604 0.191320     10     1.000000
 1462          banknote-authentication     hydra         1372             4            972 0.177921 0.179081 0.027994 0.138226 0.232645     10     1.000000
 1462          banknote-authentication    tabpfn         1372             4            972 0.182417 0.178644 0.055859 0.133303 0.328666     10     1.000000
 1464 blood-transfusion-service-center hybrid_8l          748             4            972 0.145206 0.137882 0.029204 0.106439 0.194410     10     0.749097
 1464 blood-transfusion-service-center     hydra          748             4            972 0.160808 0.158808 0.034077 0.116653 0.233314     10     0.763685
 1464 blood-transfusion-service-center    tabpfn          748             4            972 0.149528 0.142929 0.025900 0.118531 0.207390     10     0.759915
 1480                             ilpd hybrid_8l          583            10            972 0.239978 0.221735 0.081966 0.144216 0.411978     10     0.729350
 1480                             ilpd     hydra          583            10            972 0.248167 0.226760 0.050915 0.201548 0.343125     10     0.740224
 1480                             ilpd    tabpfn          583            10            972 0.224795 0.215957 0.055382 0.165324 0.341685     10     0.740725
 1494                      qsar-biodeg hybrid_8l         1055            41            972 0.647815 0.497347 0.376117 0.350970 1.609531     10     0.931395
 1494                      qsar-biodeg     hydra         1055            41            972 0.522074 0.525153 0.134392 0.256484 0.700227     10     0.913201
 1494                      qsar-biodeg    tabpfn         1055            41            972 0.532477 0.508827 0.127811 0.386127 0.803736     10     0.934326
 1510                             wdbc hybrid_8l          569            30            972 0.218305 0.210889 0.036937 0.166659 0.287086     10     0.995753
 1510                             wdbc     hydra          569            30            972 0.256832 0.258609 0.057450 0.181068 0.350904     10     0.995329
 1510                             wdbc    tabpfn          569            30            972 0.214128 0.206018 0.038810 0.173413 0.299195     10     0.995813
 6332                   cylinder-bands hybrid_8l          277            37            972 0.158290 0.154112 0.020898 0.136486 0.207367     10     0.790760
 6332                   cylinder-bands     hydra          277            37            972 0.176935 0.180276 0.025853 0.142614 0.216485     10     0.748485
 6332                   cylinder-bands    tabpfn          277            37            972 0.185192 0.179656 0.034948 0.141024 0.243115     10     0.781278
23381                    dresses-sales hybrid_8l           99            12            972 0.059331 0.056348 0.012154 0.049820 0.089939     10     0.484916
23381                    dresses-sales     hydra           99            12            972 0.071645 0.068728 0.012362 0.056463 0.093806     10     0.475014
23381                    dresses-sales    tabpfn           99            12            972 0.059940 0.056132 0.013406 0.048996 0.093357     10     0.468156
40966                      MiceProtein hybrid_8l          552            77            972 0.592523 0.603760 0.092014 0.422907 0.715328     10     1.000000
40966                      MiceProtein     hydra          552            77            972 0.651636 0.661825 0.120579 0.476447 0.843872     10     0.997710
40966                      MiceProtein    tabpfn          552            77            972 0.601004 0.602169 0.043156 0.518508 0.661677     10     0.999989
40975                              car hybrid_8l         1728             6            972 0.176441 0.158826 0.082180 0.076131 0.342839     10     0.983252
40975                              car     hydra         1728             6            972 0.163296 0.140477 0.066521 0.089879 0.317915     10     0.944707
40975                              car    tabpfn         1728             6            972 0.211480 0.192559 0.055096 0.152742 0.315264     10     0.986350
40982               steel-plates-fault hybrid_8l         1941            27            972 0.393707 0.389116 0.072659 0.286824 0.501230     10     0.951551
40982               steel-plates-fault     hydra         1941            27            972 0.442614 0.405866 0.117689 0.304280 0.709471     10     0.920159
40982               steel-plates-fault    tabpfn         1941            27            972 0.385811 0.389308 0.074922 0.250362 0.513750     10     0.954483
40994 climate-model-simulation-crashes hybrid_8l          540            18            972 0.151112 0.144812 0.039327 0.079437 0.222464     10     0.941784
40994 climate-model-simulation-crashes     hydra          540            18            972 0.163402 0.160763 0.053647 0.095822 0.276157     10     0.934011
40994 climate-model-simulation-crashes    tabpfn          540            18            972 0.173369 0.148562 0.071616 0.085519 0.324637     10     0.943450

Saved raw timings to result_csvs/per_dataset_speed_synchronized_raw.csv
Saved summary to result_csvs/per_dataset_speed_synchronized_summary.csv
root@df529ac12d80:/app# 