
Synchronized per-dataset summary:
  did                     dataset_name                                model  num_samples  num_features  eval_position     mean   median      std      min      max  count  mean_metric
   11                    balance-scale                            hybrid_8l          625             4            972 0.052335 0.043312 0.018201 0.040359 0.086878     10     0.995021
   11                    balance-scale                                hydra          625             4            972 0.067963 0.070898 0.014651 0.047202 0.092228     10     0.988137
   11                    balance-scale looped_transformer_6physical_core4x2          625             4            972 0.052075 0.050649 0.007886 0.042153 0.065791     10     0.997255
   11                    balance-scale                               tabpfn          625             4            972 0.058883 0.056840 0.010904 0.044802 0.076731     10     0.998240
   14                    mfeat-fourier                            hybrid_8l         2000            76            972 0.424939 0.381221 0.096940 0.351242 0.666521     10     0.973904
   14                    mfeat-fourier                                hydra         2000            76            972 0.426751 0.421769 0.034796 0.380560 0.512388     10     0.960277
   14                    mfeat-fourier looped_transformer_6physical_core4x2         2000            76            972 0.403918 0.390236 0.037242 0.353375 0.468778     10     0.975866
   14                    mfeat-fourier                               tabpfn         2000            76            972 0.423128 0.403021 0.047402 0.385166 0.517024     10     0.975816
   15                         breast-w                            hybrid_8l          683             9            972 0.091329 0.086639 0.035029 0.053608 0.137074     10     0.993802
   15                         breast-w                                hydra          683             9            972 0.109363 0.113244 0.013915 0.084092 0.125069     10     0.994672
   15                         breast-w looped_transformer_6physical_core4x2          683             9            972 0.090195 0.076701 0.033329 0.057915 0.139675     10     0.994697
   15                         breast-w                               tabpfn          683             9            972 0.090614 0.067051 0.038062 0.062871 0.172461     10     0.994680
   16                   mfeat-karhunen                            hybrid_8l         2000            64            972 0.367798 0.346562 0.089059 0.304223 0.605265     10     0.996645
   16                   mfeat-karhunen                                hydra         2000            64            972 0.352057 0.348323 0.018306 0.335329 0.399811     10     0.989891
   16                   mfeat-karhunen looped_transformer_6physical_core4x2         2000            64            972 0.335870 0.332307 0.024140 0.310439 0.395748     10     0.997010
   16                   mfeat-karhunen                               tabpfn         2000            64            972 0.337959 0.340579 0.011041 0.320098 0.355715     10     0.996786
   18              mfeat-morphological                            hybrid_8l         2000             6            972 0.146566 0.155273 0.025819 0.109107 0.185524     10     0.964042
   18              mfeat-morphological                                hydra         2000             6            972 0.168072 0.165668 0.021798 0.138482 0.208916     10     0.958057
   18              mfeat-morphological looped_transformer_6physical_core4x2         2000             6            972 0.145776 0.141408 0.036893 0.105150 0.199860     10     0.963692
   18              mfeat-morphological                               tabpfn         2000             6            972 0.157355 0.161814 0.029113 0.113519 0.202414     10     0.963835
   22                    mfeat-zernike                            hybrid_8l         2000            47            972 0.303716 0.275057 0.052105 0.264208 0.411429     10     0.980661
   22                    mfeat-zernike                                hydra         2000            47            972 0.319376 0.309897 0.043370 0.273055 0.419360     10     0.967980
   22                    mfeat-zernike looped_transformer_6physical_core4x2         2000            47            972 0.314336 0.302236 0.050940 0.261991 0.425334     10     0.981357
   22                    mfeat-zernike                               tabpfn         2000            47            972 0.325044 0.283691 0.088027 0.269513 0.544835     10     0.982242
   23                              cmc                            hybrid_8l         1473             9            972 0.085914 0.081321 0.019547 0.066664 0.121518     10     0.706750
   23                              cmc                                hydra         1473             9            972 0.098372 0.090792 0.019672 0.078890 0.129442     10     0.693118
   23                              cmc looped_transformer_6physical_core4x2         1473             9            972 0.092501 0.093634 0.017990 0.068914 0.117457     10     0.710254
   23                              cmc                               tabpfn         1473             9            972 0.091310 0.091283 0.009740 0.077169 0.104231     10     0.712318
   29                  credit-approval                            hybrid_8l          653            15            972 0.081729 0.081677 0.005752 0.074231 0.092226     10     0.926676
   29                  credit-approval                                hydra          653            15            972 0.087719 0.083454 0.012341 0.075729 0.109719     10     0.930668
   29                  credit-approval looped_transformer_6physical_core4x2          653            15            972 0.089733 0.086697 0.009567 0.078171 0.108792     10     0.932465
   29                  credit-approval                               tabpfn          653            15            972 0.090969 0.089222 0.009329 0.079556 0.107112     10     0.933494
   31                         credit-g                            hybrid_8l         1000            20            972 0.134349 0.130836 0.030539 0.100574 0.194322     10     0.792168
   31                         credit-g                                hydra         1000            20            972 0.128112 0.123564 0.015611 0.109418 0.162755     10     0.779825
   31                         credit-g looped_transformer_6physical_core4x2         1000            20            972 0.130693 0.132870 0.017828 0.104829 0.155000     10     0.788140
   31                         credit-g                               tabpfn         1000            20            972 0.145033 0.144723 0.021961 0.118509 0.195504     10     0.792060
   37                         diabetes                            hybrid_8l          768             8            972 0.084237 0.093502 0.021193 0.052765 0.108508     10     0.825548
   37                         diabetes                                hydra          768             8            972 0.078040 0.074132 0.017493 0.061539 0.117587     10     0.834808
   37                         diabetes looped_transformer_6physical_core4x2          768             8            972 0.084004 0.080120 0.019040 0.053753 0.112065     10     0.836348
   37                         diabetes                               tabpfn          768             8            972 0.090653 0.078734 0.042034 0.060022 0.199006     10     0.835945
   50                      tic-tac-toe                            hybrid_8l          958             9            972 0.077945 0.066488 0.024389 0.057938 0.128394     10     0.964488
   50                      tic-tac-toe                                hydra          958             9            972 0.089957 0.088949 0.019034 0.066594 0.116186     10     0.801097
   50                      tic-tac-toe looped_transformer_6physical_core4x2          958             9            972 0.084856 0.083981 0.019987 0.060943 0.114024     10     0.969963
   50                      tic-tac-toe                               tabpfn          958             9            972 0.092505 0.077360 0.037767 0.066003 0.189165     10     0.972544
   54                          vehicle                            hybrid_8l          846            18            972 0.144773 0.139865 0.034620 0.104751 0.222896     10     0.950290
   54                          vehicle                                hydra          846            18            972 0.166833 0.131972 0.067887 0.123504 0.329078     10     0.927589
   54                          vehicle looped_transformer_6physical_core4x2          846            18            972 0.149900 0.134453 0.043509 0.119827 0.265548     10     0.956793
   54                          vehicle                               tabpfn          846            18            972 0.150577 0.143128 0.031172 0.118901 0.205749     10     0.958254
  188                       eucalyptus                            hybrid_8l          641            19            972 0.139263 0.145526 0.023884 0.104993 0.168986     10     0.910933
  188                       eucalyptus                                hydra          641            19            972 0.141245 0.133966 0.018234 0.127505 0.175346     10     0.901261
  188                       eucalyptus looped_transformer_6physical_core4x2          641            19            972 0.147906 0.147167 0.028252 0.114365 0.190258     10     0.914348
  188                       eucalyptus                               tabpfn          641            19            972 0.146971 0.142866 0.022862 0.123824 0.182877     10     0.914725
  458           analcatdata_authorship                            hybrid_8l          841            70            972 0.326520 0.319738 0.026549 0.299771 0.375105     10     0.999993
  458           analcatdata_authorship                                hydra          841            70            972 0.348786 0.326026 0.045918 0.302986 0.453516     10     0.999914
  458           analcatdata_authorship looped_transformer_6physical_core4x2          841            70            972 0.329619 0.324123 0.022393 0.309397 0.390247     10     0.999996
  458           analcatdata_authorship                               tabpfn          841            70            972 0.341522 0.336870 0.026874 0.312064 0.393293     10     0.999995
  469                 analcatdata_dmft                            hybrid_8l          797             4            972 0.118595 0.075256 0.077983 0.063099 0.316115     10     0.581094
  469                 analcatdata_dmft                                hydra          797             4            972 0.117422 0.099395 0.034655 0.088283 0.185187     10     0.565801
  469                 analcatdata_dmft looped_transformer_6physical_core4x2          797             4            972 0.097182 0.085831 0.031004 0.066037 0.152644     10     0.579312
  469                 analcatdata_dmft                               tabpfn          797             4            972 0.122562 0.092091 0.054194 0.076840 0.240737     10     0.572532
 1049                              pc4                            hybrid_8l         1458            37            972 0.243119 0.251935 0.061003 0.169002 0.320205     10     0.929582
 1049                              pc4                                hydra         1458            37            972 0.248511 0.198201 0.087524 0.175424 0.434293     10     0.914074
 1049                              pc4 looped_transformer_6physical_core4x2         1458            37            972 0.254188 0.245122 0.073683 0.179590 0.427066     10     0.928348
 1049                              pc4                               tabpfn         1458            37            972 0.227904 0.206780 0.058638 0.174275 0.355706     10     0.931262
 1050                              pc3                            hybrid_8l         1563            37            972 0.224447 0.189507 0.061735 0.172344 0.338531     10     0.826344
 1050                              pc3                                hydra         1563            37            972 0.243485 0.225359 0.064392 0.176771 0.364181     10     0.811030
 1050                              pc3 looped_transformer_6physical_core4x2         1563            37            972 0.302186 0.263131 0.150362 0.165996 0.579899     10     0.828154
 1050                              pc3                               tabpfn         1563            37            972 0.195001 0.184804 0.029333 0.171544 0.270347     10     0.825854
 1063                              kc2                            hybrid_8l          522            21            972 0.124563 0.127948 0.019660 0.092945 0.161324     10     0.806450
 1063                              kc2                                hydra          522            21            972 0.142182 0.142754 0.042882 0.091493 0.222546     10     0.845177
 1063                              kc2 looped_transformer_6physical_core4x2          522            21            972 0.120728 0.120550 0.022451 0.089270 0.155456     10     0.849031
 1063                              kc2                               tabpfn          522            21            972 0.152010 0.142291 0.032547 0.100713 0.206922     10     0.849974
 1068                              pc1                            hybrid_8l         1109            21            972 0.148162 0.144064 0.042381 0.103043 0.251564     10     0.880654
 1068                              pc1                                hydra         1109            21            972 0.163557 0.147608 0.049103 0.119695 0.289909     10     0.821710
 1068                              pc1 looped_transformer_6physical_core4x2         1109            21            972 0.154889 0.156886 0.028258 0.117199 0.208505     10     0.883412
 1068                              pc1                               tabpfn         1109            21            972 0.163312 0.158179 0.029246 0.139192 0.241111     10     0.880834
 1462          banknote-authentication                            hybrid_8l         1372             4            972 0.085796 0.090022 0.040474 0.043480 0.155439     10     1.000000
 1462          banknote-authentication                                hydra         1372             4            972 0.091142 0.094078 0.037485 0.051501 0.164020     10     1.000000
 1462          banknote-authentication looped_transformer_6physical_core4x2         1372             4            972 0.084240 0.082790 0.035645 0.045311 0.145720     10     1.000000
 1462          banknote-authentication                               tabpfn         1372             4            972 0.088248 0.089097 0.033523 0.055595 0.158271     10     1.000000
 1464 blood-transfusion-service-center                            hybrid_8l          748             4            972 0.066797 0.051668 0.035211 0.036513 0.140385     10     0.749097
 1464 blood-transfusion-service-center                                hydra          748             4            972 0.055074 0.046760 0.018238 0.043964 0.095642     10     0.763685
 1464 blood-transfusion-service-center looped_transformer_6physical_core4x2          748             4            972 0.069237 0.079358 0.025268 0.038063 0.096816     10     0.758492
 1464 blood-transfusion-service-center                               tabpfn          748             4            972 0.056250 0.046966 0.022181 0.042261 0.100020     10     0.759915
 1480                             ilpd                            hybrid_8l          583            10            972 0.083471 0.089796 0.015692 0.057804 0.100713     10     0.729350
 1480                             ilpd                                hydra          583            10            972 0.083544 0.075059 0.020323 0.061590 0.112170     10     0.740224
 1480                             ilpd looped_transformer_6physical_core4x2          583            10            972 0.088238 0.089638 0.031083 0.055635 0.145227     10     0.740550
 1480                             ilpd                               tabpfn          583            10            972 0.098116 0.102972 0.024035 0.066061 0.144278     10     0.740725
 1494                      qsar-biodeg                            hybrid_8l         1055            41            972 0.222957 0.188514 0.076606 0.178108 0.427982     10     0.931395
 1494                      qsar-biodeg                                hydra         1055            41            972 0.225458 0.199393 0.055401 0.188458 0.355783     10     0.913201
 1494                      qsar-biodeg looped_transformer_6physical_core4x2         1055            41            972 0.254996 0.258770 0.035160 0.194563 0.316118     10     0.932931
 1494                      qsar-biodeg                               tabpfn         1055            41            972 0.203569 0.197713 0.018830 0.186346 0.244823     10     0.934326
 1510                             wdbc                            hybrid_8l          569            30            972 0.154022 0.155144 0.012865 0.136564 0.171150     10     0.995753
 1510                             wdbc                                hydra          569            30            972 0.162252 0.161837 0.022227 0.134398 0.214676     10     0.995329
 1510                             wdbc looped_transformer_6physical_core4x2          569            30            972 0.148540 0.138232 0.020917 0.127436 0.182885     10     0.995546
 1510                             wdbc                               tabpfn          569            30            972 0.159686 0.151695 0.032710 0.131538 0.235634     10     0.995813
 6332                   cylinder-bands                            hybrid_8l          277            37            972 0.143918 0.143604 0.010576 0.128272 0.160874     10     0.790760
 6332                   cylinder-bands                                hydra          277            37            972 0.141236 0.140277 0.014708 0.120352 0.163993     10     0.748485
 6332                   cylinder-bands looped_transformer_6physical_core4x2          277            37            972 0.131887 0.131119 0.008232 0.120850 0.146098     10     0.763458
 6332                   cylinder-bands                               tabpfn          277            37            972 0.136078 0.138897 0.012514 0.114323 0.159219     10     0.781278
23381                    dresses-sales                            hybrid_8l           99            12            972 0.054066 0.053603 0.002487 0.050677 0.057296     10     0.484916
23381                    dresses-sales                                hydra           99            12            972 0.060245 0.058629 0.003335 0.056749 0.065994     10     0.475014
23381                    dresses-sales looped_transformer_6physical_core4x2           99            12            972 0.049437 0.048980 0.001273 0.047793 0.051996     10     0.474472
23381                    dresses-sales                               tabpfn           99            12            972 0.054467 0.054442 0.003005 0.050856 0.059297     10     0.468156
40966                      MiceProtein                            hybrid_8l          552            77            972 0.362957 0.345877 0.058507 0.306498 0.492714     10     1.000000
40966                      MiceProtein                                hydra          552            77            972 0.363894 0.358238 0.045749 0.310127 0.464700     10     0.997710
40966                      MiceProtein looped_transformer_6physical_core4x2          552            77            972 0.355742 0.335347 0.048193 0.316938 0.445051     10     0.999939
40966                      MiceProtein                               tabpfn          552            77            972 0.346457 0.335124 0.026780 0.318471 0.395304     10     0.999989
40975                              car                            hybrid_8l         1728             6            972 0.115294 0.095338 0.053515 0.074026 0.241677     10     0.983252
40975                              car                                hydra         1728             6            972 0.103273 0.091713 0.025668 0.080832 0.146167     10     0.944707
40975                              car looped_transformer_6physical_core4x2         1728             6            972 0.095960 0.080210 0.036189 0.070515 0.183772     10     0.980901
40975                              car                               tabpfn         1728             6            972 0.109871 0.088424 0.050312 0.078608 0.241664     10     0.986350
40982               steel-plates-fault                            hybrid_8l         1941            27            972 0.197087 0.185658 0.037143 0.162379 0.281022     10     0.951551
40982               steel-plates-fault                                hydra         1941            27            972 0.222554 0.215917 0.031044 0.190934 0.290973     10     0.920159
40982               steel-plates-fault looped_transformer_6physical_core4x2         1941            27            972 0.201827 0.188746 0.030604 0.173748 0.257251     10     0.949981
40982               steel-plates-fault                               tabpfn         1941            27            972 0.226775 0.196215 0.064589 0.180900 0.384856     10     0.954483
40994 climate-model-simulation-crashes                            hybrid_8l          540            18            972 0.100140 0.087972 0.021058 0.080402 0.132706     10     0.941784
40994 climate-model-simulation-crashes                                hydra          540            18            972 0.108941 0.094556 0.024633 0.084952 0.148609     10     0.934011
40994 climate-model-simulation-crashes looped_transformer_6physical_core4x2          540            18            972 0.106838 0.102677 0.022372 0.078655 0.142455     10     0.940600
40994 climate-model-simulation-crashes                               tabpfn          540            18            972 0.125147 0.114555 0.039112 0.085193 0.219948     10     0.943450

Saved raw timings to result_csvs/per_dataset_speed_synchronized_raw.csv
Saved summary to result_csvs/per_dataset_speed_synchronized_summary.csv
root@df529ac12d80:/app# python3 evaluation_per_dataset_speed_synchronized.py --device cuda:7